animal 9 cost 300 end 30
0 6 -300 -1 0 0 0 0 0 0 0 0
1 3 0 -1 0 0 0 0 0 0 0 1
2 3 0 -1 0 0 0 0 0 0 0 1
3 3 0 -1 0 0 0 0 0 0 0 1
4 4 0 -1 0 0 0 0 4 0 0 1
5 4 0 -1 0 0 0 0 2 0 0 1
6 4 0 -1 0 0 0 0 2 0 0 1
7 4 0 -1 0 0 0 0 2 0 0 1
8 4 0 -1 0 0 0 0 2 0 0 1
9 4 0 -1 0 0 0 0 2 0 0 1
10 4 0 -1 0 0 0 0 2 0 0 1
11 4 0 -1 0 0 0 0 2 0 0 1
12 4 0 -1 0 0 0 0 2 0 0 1
13 4 0 -1 0 0 0 0 2 0 0 1
14 4 0 -1 0 0 0 0 2 0 0 1
15 4 0 -1 0 0 0 0 2 0 0 1
16 4 0 -1 0 0 0 0 2 0 0 1
17 4 0 -1 0 0 0 0 2 0 0 1
18 4 0 -1 0 0 0 0 2 0 0 1
19 4 0 -1 0 0 0 0 2 0 0 1
20 4 0 -1 0 0 0 0 2 0 0 1
21 4 0 -1 0 0 0 0 2 0 0 1
22 4 0 -1 0 0 0 0 2 0 0 1
23 4 0 -1 0 0 0 0 2 0 0 1
24 4 0 -1 0 0 0 0 2 0 0 1
25 4 0 -1 0 0 0 0 2 0 0 1
26 4 0 -1 0 0 0 0 2 0 0 1
27 4 0 -1 0 0 0 0 2 0 0 1
28 3 0 -1 0 0 0 0 2 0 0 1
29 1 0 0 0 0 0 0 2 0 0 1
animal 10 cost 400 end 30
0 6 -400 -1 0 0 0 0 0 0 0 0
1 1 0 0 0 0 0 0 0 0 0 1
2 3 0 -1 0 0 0 0 0 0 0 1
3 1 0 0 0 0 0 0 0 0 0 1
4 3 0 -1 0 0 0 0 0 0 0 1
5 3 0 -1 0 0 0 0 0 0 0 1
6 3 0 -1 0 0 0 0 0 0 0 1
7 3 0 -1 0 0 0 0 0 0 0 1
8 4 0 -1 0 0 0 0 0 6 0 1
9 3 0 -1 0 0 0 0 0 0 0 1
10 4 0 -1 0 0 0 0 0 3 0 1
11 3 0 -1 0 0 0 0 0 0 0 1
12 4 0 -1 0 0 0 0 0 3 0 1
13 3 0 -1 0 0 0 0 0 0 0 1
14 4 0 -1 0 0 0 0 0 3 0 1
15 3 0 -1 0 0 0 0 0 0 0 1
16 4 0 -1 0 0 0 0 0 3 0 1
17 3 0 -1 0 0 0 0 0 0 0 1
18 4 0 -1 0 0 0 0 0 3 0 1
19 3 0 -1 0 0 0 0 0 0 0 1
20 4 0 -1 0 0 0 0 0 3 0 1
21 3 0 -1 0 0 0 0 0 0 0 1
22 4 0 -1 0 0 0 0 0 3 0 1
23 3 0 -1 0 0 0 0 0 0 0 1
24 4 0 -1 0 0 0 0 0 3 0 1
25 3 0 -1 0 0 0 0 0 0 0 1
26 4 0 -1 0 0 0 0 0 3 0 1
27 2 0 -1 0 0 0 0 0 0 0 1
28 2 0 0 0 0 0 0 0 3 0 1
29 0 0 0 0 0 0 0 0 0 0 1
animal 11 cost 500 end 30
0 6 -500 -1 0 0 0 0 0 0 0 0
1 3 0 -1 0 0 0 0 0 0 0 1
2 3 0 -1 0 0 0 0 0 0 0 1
3 3 0 -1 0 0 0 0 0 0 0 1
4 3 0 -1 0 0 0 0 0 0 0 1
5 3 0 -1 0 0 0 0 0 0 0 1
6 4 0 -1 0 0 0 0 0 0 6 1
7 3 0 -1 0 0 0 0 0 0 0 1
8 3 0 -1 0 0 0 0 0 0 0 1
9 4 0 -1 0 0 0 0 0 0 4 1
10 3 0 -1 0 0 0 0 0 0 0 1
11 3 0 -1 0 0 0 0 0 0 0 1
12 4 0 -1 0 0 0 0 0 0 4 1
13 3 0 -1 0 0 0 0 0 0 0 1
14 3 0 -1 0 0 0 0 0 0 0 1
15 4 0 -1 0 0 0 0 0 0 4 1
16 3 0 -1 0 0 0 0 0 0 0 1
17 3 0 -1 0 0 0 0 0 0 0 1
18 4 0 -1 0 0 0 0 0 0 4 1
19 3 0 -1 0 0 0 0 0 0 0 1
20 3 0 -1 0 0 0 0 0 0 0 1
21 4 0 -1 0 0 0 0 0 0 4 1
22 3 0 -1 0 0 0 0 0 0 0 1
23 3 0 -1 0 0 0 0 0 0 0 1
24 4 0 -1 0 0 0 0 0 0 4 1
25 3 0 -1 0 0 0 0 0 0 0 1
26 2 0 -1 0 0 0 0 0 0 0 1
27 2 0 0 0 0 0 0 0 0 4 1
28 2 0 -1 0 0 0 0 0 0 0 1
29 0 0 0 0 0 0 0 0 0 0 1
